500
15 4
4 3
3 8
8 7
7 6
6 1
1 15
15 0
0 2
2 1
0 12
12 16
16 65
65 13
13 2
13 14
14 17
17 65
17 18
18 16
17 21
21 19
19 18
21 22
22 23
23 20
20 19
20 25
25 12
25 29
29 28
28 24
24 25
23 24
24 26
28 26
26 27
27 29
27 61
26 62
30 23
29 60
60 63
63 64
60 50
63 51
64 52
66 68
68 69
67 70
70 71
67 66
70 68
71 69
76 75
75 73
76 79
71 75
75 77
69 73
73 74
73 72
72 74
74 77
77 79
79 80
80 78
78 84
84 85
84 90
78 86
80 82
82 87
79 81
82 81
81 104
77 109
109 110
110 108
72 108
108 105
105 104
104 87
87 86
86 88
88 90
125 116
107 121
123 121
121 120
107 120
120 117
117 122
120 167
167 111
117 114
103 93
93 102
106 111
111 114
93 111
102 114
102 168
168 114
114 115
115 118
117 118
118 119
168 101
92 96
96 97
99 102
91 92
92 95
98 97
97 99
99 100
64 125
125 107
107 106
106 103
98 89
89 91
91 112
112 94
113 94
94 95
95 100
100 101
101 119
119 131
131 122
122 123
123 124
124 116
116 52
52 51
51 50
50 61
61 62
62 30
30 22
6 10
10 11
11 9
9 7
8 34
34 35
35 32
32 38
38 83
83 43
43 53
53 56
56 126
126 140
140 128
128 170
170 130
130 132
11 39
39 31
31 44
44 48
48 47
47 58
50 48
48 49
49 51
3 5
5 36
36 37
37 33
37 40
40 41
41 45
45 46
46 139
139 141
141 147
147 148
49 57
57 59
127 129
129 128
145 144
54 55
55 146
142 143
134 165
136 137
14 1
17 10
21 11
22 39
9 34
34 5
11 35
35 36
39 32
32 37
38 33
33 40
30 31
31 83
83 41
41 42
61 44
44 43
43 169
52 49
49 47
47 53
53 54
54 46
57 58
58 56
116 59
59 126
126 145
145 55
55 139
124 127
127 128
140 144
144 142
142 146
146 141
141 138
122 129
129 130
170 134
134 143
143 136
136 147
149 148
148 137
137 165
165 132
132 133
133 131
131 153
153 154
154 164
133 152
152 156
156 157
165 135
135 155
155 163
137 151
151 158
158 163
153 152
152 135
135 151
151 150
154 157
157 160
160 155
155 158
160 161
161 162
162 163
158 159
159 150
150 149
66 12
68 25
69 29
72 64
108 107
105 106
104 103
87 98
88 89
90 91
0 0
